pupai 3187 50.7 3102;
lupa 1345 48.9 789;
shli 2498 62.1 4147;
za 2368 50.4 5216;
zarplatoy 1478 46.2 1785;
nov 1536 46.8 4725;
nalogovoy 2765 51.5 536;
vsyo 2254 52.0 3471;
pereputali 1894 49.8 914;
ilupa 2714 50.1 4389;
poluchil 2906 54.4 1452;
zarplatu 2643 49.9 2789;
zapupu 0 0 0;
apupa 2132 51.7 5124;
kimnamjoon 3564 52.7 1725;
kimseokjin 4317 48.6 1934;
minyoongi 3122 50.3 692;
junghoseok 3310 49.5 5478;
parkjimin 1920 48.3 4912;
kimtaehyung 1035 47.1 1689;
jeonjungkook 2011 51.2 2847;
bts 3391 49.3 4521;
nunan 1783 47.8 5643;
neomu 1298 47.4 3754;
yeppeo 2879 52.3 5932;