00, ,<,01
01,0,<,01
01,1,<,01
01, ,>,15
15,0,>,15
15,1, ,09
15, ,<,02
02,0, ,03
03, ,>,04
04,0,>,04
04,1,>,04
04, ,>,05
05,0,>,05
05,1,>,05
05, ,0,06
06,0,<,06
06,1,<,06
06, ,<,07
07,0,<,07
07,1,<,07
07, ,0,08
08,0,>,02
08,1,>,02
02,1, ,09
09, ,>,10
10,0,>,10
10,1,>,10
10, ,>,11
11,0,>,11
11,1,>,11
11, ,1,12
12,0,<,12
12,1,<,12
12, ,<,13
13,0,<,13
13,1,<,13
13, ,1,08
02, ,>,14
14,0,>,14
14,1,>,14
14, , ,16
16, ,<,17
17,1,<,17
17,0,<,17
17, ,<,18
18,1,<,18
18,0,<,18
18, ,<,19
19,1,<,19
19,0,<,19
19, ,>,20
20,1, ,21
20,0, ,22
20, ,>,41
21,1,>,21
21,0,>,21
21, ,>,23
23,1,>,23
23,0,>,23
23, ,>,24
24,1,>,24
24,0,>,24
24, ,>,25
25,1,>,25
25,0,>,25
25, ,>,26
26, ,1,27
26,1,>,26
26,0,>,26
27,1,<,27
27,0,<,27
27, ,<,28
28,1,<,28
28,0,<,28
28, ,<,29
29,1,<,29
29,0,<,29
29, ,<,30
30,1,<,30
30,0,<,30
30, ,1,31
31,1,>,20
22,1,>,22
22,0,>,22
22, ,>,32
32,1,>,32
32,0,>,32
32, ,>,33
33,1,>,33
33,0,>,33
33, ,>,34
34,1,>,34
34,0,>,34
34, ,>,35
35, ,0,36
35,1,>,35
35,0,>,35
36,1,<,36
36,0,<,36
36, ,<,37
37,1,<,37
37,0,<,37
37, ,<,38
38,1,<,38
38,0,<,38
38, ,<,39
39,1,<,39
39,0,<,39
39, ,0,40
40,0,>,20
41,1,>,41
41,0,>,41
41, ,>,42
42,1,>,42
42,0,>,42
42, ,>,43
43,0,>,43
43, ,<,46
46,0, ,47
46, , ,999
999, , ,999
47, ,<,46
43,1,>,44
44,0,>,44
44,1,>,44
44, ,<,45
433,0,>,433
433, ,<,463
463,0, ,473
463, , ,9993
9993, , ,9993
473, ,<,463
433,1,>,443
443,0,>,443
443,1,>,443
443, , ,455
455, ,0,456
456,0,0,45
45,1, ,488
45,0, ,8888
488, ,<,48
48,1,<,48
48,0,<,48
48, ,<,49
49,0,0,50
49,1,0,51
50,0,<,52
50,1,<,52
51,0,<,53
51,1,<,53
52,1,0,51
52,0,0,50
52, ,>,54
53,1,1,51
53,0,1,50
53, ,>,54
54,1,>,54
54,0,>,54
54, ,>,433
8888, ,<,888
888,0,1,55
888,1,0,56
55,1,1,889
889,1,<,888
889,0,<,888
55,0,0,889
56,1,<,56
56,0,<,56
56, ,<,499
499,0,0,509
499,1,0,519
509,0,<,529
509,1,<,529
519,0,<,539
519,1,<,539
529,1,0,519
529,0,0,509
529, ,>,549
539,1,1,519
539,0,1,509
539, ,>,549
549,1,>,549
549,0,>,549
549, ,>,4339
4339,0,>,4339
4339, ,<,4639
4639,0, ,4739
4639, ,<,496
99939, , ,99939
4739, ,<,4639
4339,1,>,4439
4439,0,>,4439
4439,1,>,4439
4439, , ,4559
4559, ,1,4569
4569,1,1,45
496,0,0,506
496,1,0,516
506,0,<,526
506,1,<,526
516,0,<,536
516,1,<,536
526,1,0,516
526,0,0,506
526, ,>,546
536,1,1,516
536,0,1,506
536, ,>,546
546,1,>,546
546,0,>,546
546, ,<,161
161,0,<,161
161,1,<,666
161, ,>,162
162,0,>,162
162, ,<,163
163,0, ,164
163, ,>,165
164, ,<,163
165, ,0,166
166,0,>,166
166, , ,166
666,0,<,666
666,1,<,666
666, ,>,667
667,1,>,668
667,0, ,669
668,1,>,668
668,0,>,668
688,0,>,688
668, , ,668
669, ,>,670
670,0,0,667
670,1, ,671
671, ,<,671
671,0,>,672
671,1,>,672
672, ,>,673
673, ,1,674
674,1,>,675
674,0,>,675
675, ,>,675
675,1,>,444
444,1,<,6755
444,0,<,6755
444, ,<,5959
675,0,>,4441
4441,1,<,67551
4441,0,<,67551
4441, ,<,6969
6755,1, ,6766
67551,0, ,6799
6766, ,<,676
676, ,<,676
676,1,>,677
676,0,>,677
677, ,1,674
6799, ,<,679
679, ,<,679
679,1,>,680
679,0,>,680
680, ,0,674
5959,1, ,67661
6969,0, ,67991
67661, ,<,6761
6761, ,<,6761
6761,1,>,6771
6761,0,>,6771
6771, ,1,6741
6741,1,>,88881
88881, , ,88881
67991, ,<,6791
6791, ,<,6791
6791,1,>,6801
6791,0,>,6801
6801, ,0,6741
6741,0,>,88881




