00, ,<,0199
0199,0,<,0199
0199,1,<,0199
0199, ,>,0299
0299,0, ,0399
0399, ,>,0499
0499,0,>,0499
0499,1,>,0499
0499, ,>,0599
0599,0,>,0599
0599,1,>,0599
0599, ,0,0699
0699,0,<,0699
0699,1,<,0699
0699, ,<,0799
0799,0,<,0799
0799,1,<,0799
0799, ,0,0899
0899,0,>,0299
0899,1,>,0299
0299,1, ,0999
0999, ,>,1099
1099,0,>,1099
1099,1,>,1099
1099, ,>,1199
1199,0,>,1199
1199,1,>,1199
1199, ,1,1299
1299,0,<,1299
1299,1,<,1299
1299, ,<,1399
1399,0,<,1399
1399,1,<,1399
1399, ,1,0899
0299, ,>,1499
1499,0,>,1499
1499,1,>,1499
1499, , ,1501
1501, ,<,150
150,1,<,150
150,0,<,150
150, ,<,02
02,1,<,02
02,0,<,02
02, ,<,03
03,1,<,03
03,0,<,03
03, ,>,04
04,1, ,05
04,0, ,20
04, ,>,6969
6969,1,>,6969
6969,0,>,6969
6969, ,>,8989
8989,1,>,8989
8989,0,>,8989
8989, , ,8989
05,1,>,05
05,0,>,05
05, ,>,06
06,1,>,06
06,0,>,06
06, ,>,07
07,0,>,07
07,1,>,07
07, , ,08
08,1,>,08
08,0,>,08
08, ,>,08888
08888,1,>,08888
08888,0,>,08888
08888, ,<,09
09,0,0,10
09,1,0,11
10,0,<,13
10,1,<,13
11,1,<,12
11,0,<,12
11, ,<,1333
12,0,1,10
12,1,1,11
12, ,<,1333
13,1,0,11
13,0,0,10
13, ,<,1333
1333,0,<,1333
1333,1,<,1333
1333, ,<,14
14,1,<,14
14,0,<,14
14, ,1,15
15,1,>,04
20,1,>,20
20,0,>,20
20, ,>,21
21,1,>,21
21,0,>,21
21, ,>,22
22,0,>,22
22,1,>,22
22, , ,23
23,1,>,23
23,0,>,23
23, ,>,088882
088882,1,>,088882
088882,0,>,088882
088882, ,<,24
24,0,0,25
24,1,0,26
25,0,<,28
25,1,<,28
26,1,<,27
26,0,<,27
26, ,<,13332
27,0,1,25
27,1,1,26
27, ,<,13332
28,1,0,26
28,0,0,25
28, ,<,13332
13332,0,<,13332
13332,1,<,13332
13332, ,<,29
29,1,<,29
29,0,<,29
29, ,0,30
30,0,>,04
