00, ,<,01
01,1,<,01
01,0,<,01
01, ,>,02
02,1,1,09
02,0,>,04
04,0,>,04

04, , ,200
200, ,<,201
201,0, ,202
202, ,>,203
203, ,>,204
204, ,0,205
205,0,<,205
205, ,<,206
206, ,0,207
207,0,>,207
207, ,>,208
208,0,>,208
208, , ,105


04,1,<,03
03,0,0,09
03,1,1,09

09,0, ,110
110, ,>,111
111,1,>,111
111,0,>,111
111, ,>,112
112,1,>,112
112,0,>,112
112, ,0,113
113,0,<,114
114,1,<,114
114,0,<,114
114, ,<,115
115,1,<,115
115,0,<,115
115, ,0,116
116,0,>,09
09,1, ,10
10, ,>,11
11,1,>,11
11,0,>,11
11, ,>,12
12,1,>,12
12,0,>,12
12, ,1,13
13,1,<,14
14,1,<,14
14,0,<,14
14, ,<,15
15,1,<,15
15,0,<,15
15, ,1,16
16,1,>,09
09, ,<,20
20,1,<,20
20,0,<,20
20, ,<,21
21,0,<,21
21,1,<,21
21, ,>,22


22,0,>,22
22, , ,90
90, ,>,91
91,1,>,91
91,0,>,91
91, ,>,92
92,1,>,92
92,0,>,92
92, , ,105



22,1,1,05
05,1, ,23
23, ,>,24
24,1,>,24
24,0,>,24
24, ,>,25
25,1,>,25
25,0,>,25
25, ,>,26
26,1,>,26
26,0,>,26
26, ,>,27
27,1,>,27
27,0,>,27
27, ,1,28
28,1,<,28
28,0,<,28
28, ,<,29
29,1,<,29
29,0,<,29
29, ,<,30
30,1,<,30
30,0,<,30
30, ,<,31
31,1,<,31
31,0,<,31
31, ,1,32
32,1,>,05

05,0, ,33
33, ,>,34
34,1,>,34
34,0,>,34
34, ,>,35
35,1,>,35
35,0,>,35
35, ,>,36
36,1,>,36
36,0,>,36
36, ,>,37
37,1,>,37
37,0,>,37
37, ,0,38
38,0,<,38
38,1,<,38
38, ,<,39
39,1,<,39
39,0,<,39
39, ,<,40
40,1,<,40
40,0,<,40
40, ,<,41
41,1,<,41
41,0,<,41
41, ,0,42
42,0,>,05
05, ,>,43
43,1,>,43
43,0,>,43
43, ,>,44
44,1,>,44
44,0,>,44
44, ,>,45
45,1,>,45
45,0,>,45
45, ,<,46



46,0,<,46
46,1,0,47
47,0,>,48
48,0,1,49
49,1,>,48

48, ,<,50
50,0,<,50
50,1,<,50
50, ,<,51
51,1,<,51
51,0,<,51
51, ,>,52
52,0,>,53
52,1,>,53
53,1,>,54
53,0,>,54
54,0,<,55
55,1,0,56
55,0,0,56
56,0,>,57
56,1,>,57
57,1,>,58
57,0,>,58
58,1,1,54
58,0,0,54
58, ,<,59
59,0,0,07
59,1,0,07
07,0,>,08
08, ,>,45
54,1,<,60
60,0,1,56
60,1,1,56
46, ,>,100
100,1,>,100
100,0,>,100
100, ,<,101
101,0, ,101
101, ,<,102
102,0, ,103
103, ,<,104
104,0, ,104
104, ,<,105
105, , ,105
