00, , ,01
01, ,<,02
02,1,<,02
02,0,<,02
02, ,>,03

03,1, ,05
03,0, ,15

03, , ,120
120, ,>,121
121,1,<,23
121,0,<,23
121, ,0,122
122,0,<,23 

05, ,>,06
06,1,>,06
06,0,>,06
06, ,>,07
07,1,>,07
07,0,>,07
07, ,1,08
08,1,>,09
09, ,<,10
10,1,<,10
10,0,<,10
10, ,<,11
11,1,<,11
11,0,<,11
11, ,1,12
12,1,>,03

15, ,>,16
16,1,>,16
16,0,>,16
16, ,>,100

100, ,<,20 

100,1,>,101
100,0,>,101
101,1,>,101
101,0,>,101
101, ,0,18
18,0,>,19
19, ,<,20
20,1,<,20
20,0,<,20
20, ,<,21
21,1,<,21
21,0,<,21
21, ,0,22 
22,0,>,03



23, ,<,24
24,1,<,24
24,0,<,24
24, ,<,25
25,1,<,25
25,0,<,25
25, ,>,26

26,1, ,27 
26,0, ,33 
27, ,>,28
28,1,>,28
28,0,>,28
28, ,>,29 
29,1,>,29
29,0,>,29
29, ,>,30 
30,1,>,30
30,0,>,30
30, ,>,31
31,1,>,31
31,0,>,31
31, ,1,32
32,1,>,42

42, ,<,43
43,1,<,43
43,0,<,43
43, ,<,44 
44,1,<,44
44,0,<,44
44, ,<,45 
45,1,<,45
45,0,<,45
45, ,<,46 
46,1,<,46
46,0,<,46
46, ,1,60
60,1,>,26 

33, ,>,34
34,1,>,34
34,0,>,34
34, ,>,35 
35,1,>,35
35,0,>,35
35, ,>,36
36,1,>,36
36,0,>,36
36, ,>,102 

102,1,>,103
102,0,>,103

102, ,<,48 

103,1,>,103
103,0,>,103
103, ,0,38
38,0,>,47

47, ,<,48
48,1,<,48
48,0,<,48
48, ,<,49 
49,1,<,49
49,0,<,49
49, ,<,50 
50,1,<,50
50,0,<,50
50, ,<,51 
51,1,<,51
51,0,<,51
51, ,0,70
70,0,>,26 


26, ,>,80
80,1,>,80
80,0,>,80
80, ,>,81 
81,1,>,81
81,0,>,81
81, ,>,104
104,1,1,106
104,0,0,106
106,0,>,106
106,1,>,106
106, , ,107
107, , ,107
104, ,0,130
130,0,>,131
131, , ,131
