00, ,>,01 
01, ,<,02 
02, ,<,03 
03,1,<,03 
03,0,<,03 
03, ,<,04 
04,1,<,04 
04,0,<,04 
04, ,>,05 
05,1, ,14 
05,0, ,06 
06, ,>,07 
07,1,>,07 
07,0,>,07 
07, ,>,08 
08,1,>,08 
08,0,>,08 
08, ,>,09 
09, ,0,10 
09,1,>,09 
09,0,>,09 
10,0,<,10 
10,1,<,10 
10, ,<,11 
11,1,<,11 
11,0,<,11 
11, ,<,12 
12,1,<,12 
12,0,<,12 
12, ,0,13 
13,0,>,05 
05, ,>,22 
14, ,>,15 
15,1,>,15 
15,0,>,15 
15, ,>,16 
16,1,>,16 
16,0,>,16 
16, ,>,17 
17, ,1,18 
17,1,>,17 
17,0,>,17 
18,1,<,18 
18,0,<,18 
18, ,<,19 
19,0,<,19 
19,1,<,19 
19, ,<,20 
20,1,<,20 
20,0,<,20 
20, ,1,21 
21,1,>,05 
22,0,>,22 
22, ,>,44 
22,1,1,24 
24,1, ,25 
25, ,>,26 
26,1,>,26 
26,0,>,26 
26, ,>,27 
27,1,>,27 
27,0,>,27 
27, ,>,28 
28,1,>,28 
28,0,>,28 
28, ,1,29 
29,1,<,29 
29,0,<,29 
29, ,<,30 
30,1,<,30 
30,0,<,30 
30, ,<,31 
31,1,<,31 
31,0,<,31 
31, ,1,32 
32,1,>,33 
33,1,1,24 
33,0, ,34 
33, , ,43 
34, ,>,35 
35,1,>,35 
35,0,>,35 
35, ,>,36 
36,1,>,36 
36,0,>,36 
36, ,>,37 
37,1,>,37 
37,0,>,37 
37, ,0,38 
38,0,<,38 
38,1,<,38 
38, ,<,39 
39,1,<,39 
39,0,<,39 
39, ,<,40 
40,1,<,40 
40,0,<,40 
40, ,0,41 
41,0,>,42 
42,1,1,22 
42,0,0,33 
42, , ,43 
43, ,>,44 
44,1,>,44 
44,0,>,44 
44, ,>,73 
73, , ,64 
73,1,1,45 
45,1,>,45 
45,0,>,45 
45, ,>,48 
48, ,<,48 
48,1,0,49 
48,0,<,48 
49,0,>,51 
51,0,1,51 
51,1,>,51 
51, , ,49 
49, ,<,52 
52, ,<,53 
52,1,<,52 
52,0,<,52 
53,1,<,54 
53,0,<,54 
54,1,>,55 
54, ,>,59 
54,0,>,56 
55,1,1,57 
55,0,1,57 
56,1,0,57 
56,0,0,57 
57,1,<,58 
57,0,<,58 
58,0,<,54 
58,1,<,54 
59,1,0,60 
59,0,0,60 
60,0,<,61 
61, ,>,62 
62,1,>,62 
62,0,>,62 
62, ,>,64 
63,1,>,63 
63,0,>,63 
63, , ,48 
64, ,<,50 
50, , ,50 
64,0, ,65 
65, ,>,66 
66,1,1,69 
66, ,<,67 
67, ,<,50 
68, ,>,69 
68,0,>,69 
68,1,>,68 
69, ,<,70 
70, ,<,70 
70,1, ,48 
69,1,<,71 
71, ,1,68 
64,1,1,63 
